Top Features by Gini Impurity Reduction:
Index
-----
487
446
186
18
193
493
475
583
46
265
753
640
381
115
508
57
111
529
518
760
744
44
437
246
445
679
223
624
354
535
513
50
239
423
548
184
741
344
165
202
634
124
408
260
347
321
132
138
147
622
704
340
735
501
75
96
514
671
616
21
545
497
540
353
613
136
466
113
129
109
460
523
2
314
596
676
394
399
285
259
262
311
368
352
204
226
571
85
509
108
700
16
367
292
145
637
691
620
178
655
660
231
53
609
631
86
429
159
291
705
468
718
49
727
190
428
146
64
723
274
759
33
20
544
42
438
81
658
99
455
177
725
267
435
248
639
9
128
457
390
258
421
488
392
137
73
458
171
200
103
282
462
106
664
234
14
196
628
187
327
401
568
104
427
730
726
728
632
249
761
657
698
755
672
52
492
765
154
241
337
217
370
275
742
32
376
95
24
754
550
331
318
745
361
17
79
724
680
273
386
456
166
51
151
43
276
689
738
582
60
757
194
667
398
377
94
465
98
135
587
600
197
236
374
336
673
629
71
67
313
247
181
692
699
206
556
682
418
379
320
70
533
430
750
355
484
277
589
335
244
586
29
233
570
120
209
334
385
251
323
310
297
440
552
59
185
118
737
143
415
69
693
572
485
198
157
31
325
530
316
578
339
176
179
642
362
11
714
62
230
669
270
512
383
406
34
505
281
402
37
565
732
412
702
500
36
119
195
464
478
156
110
694
748
78
255
661
521
363
91
751
220
84
575
413
358
365
182
351
577
563
30
498
203
503
623
746
126
330
666
100
695
212
257
674
461
683
473
278
470
391
524
463
477
158
47
63
567
12
211
286
410
396
536
469
268
538
349
743
284
621
644
253
130
717
630
219
1
687
651
472
345
290
304
150
419
293
764
747
483
752
210
295
301
167
541
328
603
19
601
537
58
481
686
495
97
6
188
756
491
573
88
507
734
388
366
322
225
627
288
553
422
547
315
348
3
228
48
175
404
636
411
240
227
102
662
152
280
308
432
646
380
261
299
606
389
8
648
169
519
749
155
133
266
242
400
127
579
559
40
168
474
214
312
80
382
605
549
245
183
526
403
359
558
407
709
453
594
302
617
496
447
716
581
444
66
480
101
479
551
684
494
92
588
317
77
333
82
306
614
