Top Features by Gini Impurity Reduction:
Index
-----
565
732
412
702
500
36
119
195
464
478
156
110
694
748
78
255
661
521
363
91
751
220
84
575
413
358
365
182
351
577
563
30
498
203
503
623
746
126
330
666
100
695
212
257
674
461
683
473
278
470
391
524
463
477
158
47
63
567
12
211
286
410
396
536
469
268
538
349
743
284
621
644
253
130
717
630
219
1
687
651
472
345
290
304
150
419
293
764
747
483
752
210
295
301
167
541
328
603
19
601
537
58
481
686
495
97
6
188
756
491
573
88
507
734
388
366
322
225
627
288
553
422
547
315
348
3
228
48
175
404
636
411
240
227
102
662
152
280
308
432
646
380
261
299
606
389
8
648
169
519
749
155
133
266
242
400
127
579
559
40
168
474
214
312
80
382
605
549
245
183
526
403
359
558
407
709
453
594
302
617
496
447
716
581
444
66
480
101
479
551
684
494
92
588
317
77
333
82
306
614
