Top Features by Gini Impurity Reduction:
Index
-----
537
58
481
686
495
97
6
188
756
491
573
88
507
734
388
366
322
225
627
288
553
422
547
315
348
3
228
48
175
404
636
411
240
227
102
662
152
280
308
432
646
380
261
299
606
389
8
648
169
519
749
155
133
266
242
400
127
579
559
40
168
474
214
312
80
382
605
549
245
183
526
403
359
558
407
709
453
594
302
617
496
447
716
581
444
66
480
101
479
551
684
494
92
588
317
77
333
82
306
614
